image_width: 346
image_height: 260
camera_name: cam1
camera_matrix:
  rows: 3
  cols: 3
  data: [275.52074126670686, 0, 170.42490678122294, 0,  276.3325272023104,  131.05541485356378, 0, 0, 1]
distortion_model: plumb_bob
distortion_coefficients:
  rows: 1
  cols: 5
  data: [-0.3839491847010366, 0.14799024261149682, -3.412442987447803e-05, -0.00012104269703940883, 0]
