image_width: 346
image_height: 260
camera_name: davis_0889
camera_matrix:
  rows: 3
  cols: 3
  data: [254.05575117231248, 0, 172.59242062545272, 0, 254.8803118363666, 128.11001187262602, 0, 0, 1]
distortion_model: plumb_bob
distortion_coefficients:
  rows: 1
  cols: 5
  data: [-0.38434221108517463, 0.1412616018985579, -0.00029236358514104826, -0.0003660135660087348, 0]
rectification_matrix:
  rows: 3
  cols: 3
  data: [1, 0, 0, 0, 1, 0, 0, 0, 1]
projection_matrix:
  rows: 3
  cols: 4
  data:
    [254.05575117231248, 0, 172.59242062545272, 0,
    0, 254.8803118363666, 128.11001187262602, 0,
    0, 0, 1, 0]
