image_width: 346
image_height: 260
camera_name: cam1
camera_matrix:
  rows: 3
  cols: 3
  data: [257.30969234704037, 0, 168.94050621038915, 0,  257.99541501608167,  132.93192599200185, 0, 0, 1]
distortion_model: plumb_bob
distortion_coefficients:
  rows: 1
  cols: 5
  data: [-0.3806834114862661, 0.13888349162899985, 0.00025234434859126024, 0.00020866233696457292, 0]
